proj:       1
zone:       30
north:      4293972.81186
south:      4278955.25018
east:       738110
west:       722080
cols:       1603
rows:       1502
e-w resol:  10
n-s resol:  9.99837662
format:     -1
compressed: 1
