proj:       1
zone:       30
north:      4293972.81186
south:      4278955.25018
east:       738110
west:       722080
cols:       1603
rows:       1502
e-w resol:  10
n-s resol:  9.99837662
top:        1.000000000000000
bottom:     0.000000000000000
cols3:      1603
rows3:      1502
depths:     1
e-w resol3: 10
n-s resol3: 9.99837662
t-b resol:  1
